165,3
165,2
165,1
165,0
0,341
0,340
0,338
0,337
0,336
0,335
164,6
164,5
164,4
164,3
164,2
164,1
164,0
0,332
0,326
163,3
163,2
163,1
163,0
0,323
0,316
162,4
162,3
162,2
162,1
162,0
161,3
161,2
161,1
161,0
160,4
160,3
160,2
160,1
160,0
159,4
159,3
159,2
159,1
159,0
158,4
158,3
158,2
158,1
158,0
157,3
157,2
157,1
157,0
156,3
156,2
156,1
156,0
155,4
155,3
155,2
155,1
155,0
154,4
154,3
154,2
154,1
154,0
153,3
153,2
153,1
153,0
0,331
0,329
0,328
0,327
0,325
0,324
152,3
152,2
152,1
152,0
151,4
151,3
151,2
151,1
151,0
150,4
150,3
150,2
150,1
150,0
149,4
149,3
149,2
149,1
149,0
0,321
0,320
0,318
0,317
148,3
148,2
148,1
148,0
147,4
147,3
147,2
147,1
147,0
146,4
146,3
146,2
146,1
146,0
145,5
145,4
145,3
145,2
145,1
145,0
144,6
144,5
144,4
144,3
144,2
144,1
144,0
143,3
143,2
143,1
143,0
142,4
142,3
142,2
142,1
142,0
0,300
0,299
0,296
0,290
0,289
0,286
0,280
0,279
0,276
0,270
0,269
0,266
0,260
0,259
0,256
0,250
0,249
0,246
0,241
0,240
0,239
0,238
0,237
0,236
0,235
0,234
0,233
0,232
0,231
0,230
0,229
0,228
0,227
0,226
0,225
0,224
0,223
0,222
0,221
0,220
0,219
0,218
0,217
0,213
0,209
0,52
141,3
141,2
141,1
141,0
0,199
0,195
140,4
140,3
140,2
140,1
140,0
0,57
0,56
0,314
0,49
139,4
139,3
139,2
0,313
139,1
139,0
138,4
138,3
138,2
138,1
138,0
137,3
137,2
137,1
137,0
136,3
136,2
136,1
136,0
135,4
135,3
135,2
135,1
135,0
0,216
0,215
0,214
0,212
0,211
0,210
0,206
0,196
0,192
0,54
0,50
134,4
134,3
134,2
134,1
134,0
133,3
133,2
133,1
133,0
0,208
0,207
132,3
132,2
132,1
132,0
0,203
0,205
0,204
0,202
0,201
0,200
0,198
0,197
0,9
2,3
0,194
1,3
0,193
131,4
131,3
131,2
131,1
131,0
0,61
0,63
0,62
0,60
0,59
0,58
0,55
0,53
0,51
130,4
130,3
130,2
0,315
130,1
130,0
0,47
0,311
0,48
0,312
0,46
0,309
0,45
0,306
0,6
0,301
129,4
129,3
129,2
0,435
129,1
129,0
0,432
128,3
128,2
128,1
128,0
0,429
127,4
127,3
127,2
127,1
127,0
0,426
0,437
0,298
0,436
0,297
0,295
0,294
0,293
0,292
0,291
0,434
0,288
0,433
0,287
0,285
0,284
0,283
0,282
0,281
0,431
0,278
0,430
0,277
0,275
0,274
0,273
0,272
0,271
0,428
0,268
0,427
0,267
0,265
0,264
0,262
0,255
0,251
0,263
0,261
2,2
2,0
0,254
0,423
126,4
126,3
126,2
126,1
126,0
0,245
125,5
125,4
125,3
125,2
125,1
125,0
124,6
124,5
124,4
124,3
124,2
124,1
124,0
123,3
123,2
123,1
123,0
122,4
122,3
122,2
122,1
122,0
121,3
121,2
121,1
121,0
120,4
120,3
120,2
120,1
120,0
119,4
119,3
119,2
119,1
119,0
0,417
118,4
118,3
118,2
118,1
118,0
0,414
117,3
117,2
117,1
117,0
116,3
116,2
116,1
116,0
115,4
115,3
115,2
115,1
115,0
0,258
0,425
0,257
0,424
114,4
114,3
114,2
114,1
114,0
0,253
0,252
0,248
0,422
0,247
0,421
113,3
113,2
113,1
113,0
112,3
112,2
112,1
112,0
111,4
111,3
111,2
111,1
111,0
110,4
110,3
110,2
110,1
110,0
109,4
109,3
109,2
109,1
109,0
0,7
0,4
0,310
108,3
108,2
0,12
0,11
0,307
0,308
0,10
108,1
108,0
0,8
0,420
0,244
0,242
0,419
107,4
107,3
107,2
107,1
107,0
0,304
0,303
106,4
106,3
106,2
106,1
106,0
0,418
0,416
0,415
105,6
105,5
105,4
105,3
105,2
105,1
105,0
0,413
0,412
104,3
104,2
0,411
104,1
104,0
0,410
103,3
103,2
103,1
103,0
0,409
0,407
102,3
102,2
102,1
102,0
0,406
0,405
101,3
101,2
0,404
101,1
101,0
0,403
0,402
100,3
100,2
100,1
100,0
0,401
99,3
99,2
99,1
99,0
98,3
98,2
98,1
98,0
0,396
97,3
97,2
97,1
97,0
96,3
96,2
96,1
96,0
95,3
95,2
95,1
95,0
0,390
94,3
94,2
94,1
94,0
93,3
93,2
93,1
93,0
92,3
92,2
92,1
92,0
91,3
91,2
91,1
91,0
90,3
90,2
90,1
90,0
89,3
89,2
89,1
89,0
88,3
88,2
88,1
88,0
87,3
87,2
87,1
87,0
86,3
86,2
86,1
86,0
85,3
85,2
85,1
85,0
0,358
0,400
0,399
0,398
84,6
84,5
84,4
84,3
84,2
0,397
84,1
84,0
0,395
0,394
0,393
0,392
83,3
83,2
0,391
83,1
83,0
0,389
82,4
82,3
82,2
82,1
82,0
0,383
0,379
81,3
81,2
81,1
81,0
0,377
0,372
80,4
80,3
80,2
80,1
80,0
0,369
79,4
79,3
79,2
0,362
79,1
79,0
78,4
78,3
78,2
78,1
78,0
0,348
77,3
77,2
0,344
77,1
77,0
76,3
76,2
76,1
76,0
0,388
0,387
0,386
0,385
0,384
0,382
0,381
0,380
0,378
0,376
0,375
0,374
75,4
75,3
75,2
75,1
75,0
74,4
74,3
74,2
74,1
74,0
73,3
73,2
73,1
73,0
72,3
72,2
72,1
72,0
71,4
71,3
71,2
71,1
71,0
70,4
70,3
70,2
70,1
70,0
69,4
69,3
69,2
69,1
69,0
68,3
68,2
68,1
68,0
67,4
67,3
67,2
67,1
67,0
66,4
0,373
66,3
66,2
66,1
66,0
0,371
0,370
0,368
65,5
65,4
65,3
65,2
65,1
65,0
0,334
0,330
64,6
64,5
64,4
64,3
64,2
64,1
64,0
0,319
63,3
63,2
63,1
63,0
0,367
0,366
0,365
0,364
0,363
62,4
62,3
62,2
62,1
62,0
61,3
61,2
61,1
61,0
60,4
60,3
60,2
60,1
60,0
59,4
59,3
59,2
59,1
59,0
58,4
58,3
58,2
58,1
58,0
0,361
0,360
57,3
57,2
0,359
57,1
57,0
0,355
0,357
0,356
0,354
0,353
0,352
0,351
0,350
0,349
0,347
0,346
56,3
56,2
0,345
56,1
56,0
0,343
0,342
0,339
0,333
55,4
55,3
55,2
55,1
55,0
54,4
54,3
54,2
54,1
54,0
53,3
53,2
53,1
53,0
52,3
52,2
52,1
52,0
51,4
51,3
51,2
51,1
51,0
50,4
50,3
50,2
50,1
50,0
49,4
49,3
49,2
49,1
49,0
48,3
48,2
48,1
48,0
47,4
47,3
47,2
47,1
47,0
2,1
46,4
46,3
46,2
46,1
46,0
45,5
45,4
45,3
45,2
45,1
45,0
44,6
44,5
44,4
44,3
44,2
44,1
44,0
43,3
43,2
43,1
43,0
42,4
42,3
42,2
42,1
42,0
41,3
41,2
41,1
41,0
40,4
40,3
40,2
40,1
40,0
39,4
39,3
39,2
39,1
39,0
0,1
38,4
38,3
38,2
38,1
38,0
37,3
37,2
37,1
37,0
36,3
36,2
36,1
36,0
35,4
35,3
35,2
35,1
35,0
34,4
34,3
34,2
34,1
34,0
33,3
33,2
33,1
33,0
32,3
32,2
32,1
32,0
31,4
31,3
31,2
31,1
31,0
30,4
30,3
30,2
30,1
30,0
0,408
29,4
29,3
29,2
29,1
29,0
28,3
28,2
28,1
28,0
27,4
27,3
27,2
27,1
27,0
26,4
26,3
26,2
26,1
26,0
25,5
25,4
25,3
25,2
25,1
25,0
24,3
24,2
24,1
24,0
23,3
23,2
23,1
23,0
22,3
22,2
22,1
22,0
21,3
21,2
21,1
21,0
20,3
20,2
20,1
20,0
19,3
19,2
19,1
19,0
18,3
18,2
18,1
18,0
17,3
17,2
17,1
17,0
16,3
16,2
16,1
16,0
15,3
15,2
15,1
15,0
14,3
14,2
14,1
14,0
13,3
13,2
13,1
13,0
12,3
12,2
12,1
12,0
11,3
11,2
11,1
11,0
10,3
10,2
10,1
10,0
9,3
9,2
9,1
9,0
8,3
8,2
0,322
8,1
8,0
7,3
7,2
7,1
7,0
6,3
6,2
6,1
6,0
5,3
5,2
5,1
5,0
4,3
4,2
4,1
4,0
3,6
3,5
3,4
3,3
3,2
3,1
3,0
1,2
1,0
0,243
0,0
1,1
0,305
0,302
0,5
0,2
0,3
